F1 : 1e-3 0.666673719136272	15	 0	1e-6 0.66666668285395	63	 0	1e-8 0.666666666705529	255	 0
F2 : 1e-3 0.479428226688771	7	 0	1e-6 0.479428226688802	15	 0	1e-8 0.479428226688802	15	 0
F3 : 1e-3 1.58223296287167	15	 0	1e-6 1.58223296372967	31	 0	1e-8 1.58223296372967	31	 0
F4 : 1e-3 0.399998966384785	7	 0	1e-6 0.400000000021413	31	 0	1e-8 0.400000000021413	31	 0
F5 : 1e-3 0.866972739486958	7	 0	1e-6 0.866972987339939	15	 0	1e-8 0.866972987339911	31	 0
F6 : 1e-3 1.15470066600335	127	 0	1e-6 1.15470066904371	255	 0	1e-8 1.15470066904371	255	 0
F7 : 1e-3 0.777504634112248	7	 0	1e-6 0.777504634112248	7	 0	1e-8 0.777504634112248	15	 0
F8 : 1e-3 0.00909864525656929	255	 0	1e-6 0.00909864525656929	255	 0	1e-8 0.00909864525656929	255	 0
F9 : 1e-3 0.499363802830273	127	 0	1e-6 0.499363802871017	255	 0	1e-8 0.499363802871017	255	 0
F10: 1e-3 0.838676323380972	63	 0	1e-6 0.838676323380972	63	 0	1e-8 0.838676323380972	127	 0
F11: 1e-3 -0.999843597712369	31	 0	1e-6 -0.999999609944564	255	 1	1e-8 -0.999999609944564	255	 1
F12: 1e-3 -0.634665182543383	63	 0	1e-6 -0.634665182543388	127	 0	1e-8 -0.634665182543388	127	 0
F13: 1e-3 0.0135494613852087	255	 1	1e-6 0.0135494613852087	255	 1	1e-8 0.0135494613852087	255	 1
